5 1 994
5 2 -6
5 3 -63
5 1 931
5 2 -37
5 3 -8
5 1 937
5 2 -138
5 3 920
10 1 993
10 2 813
10 3 989
10 1 773 
10 2 996
10 3 981
10 1 953
10 2 943
10 3 954
15 1 532
15 2 569
5 1 972 
5 2 -65 
5 3 -30 
5 1 995 
5 2 -50 
5 3 -36 
5 1 993 
5 1 964 
5 2 -112 
5 3 993 
5 1 986 
5 2 -5 
5 3 -25 
5 1 959 
5 2 950 
5 3 -68 
10 1 684 
10 2 779 
10 3 -14 
10 1 800 
10 2 914 
10 3 978 
10 1 980 
10 2 938 
10 3 958 
15 1 758 
15 2 628 
15 3 679 
15 1 620 
15 2 821 
15 3 899 
15 1 649 
5 1 -31 
5 2 989 
5 3 -31 
5 1 991 
5 2 -128 
5 3 993 
5 1 902 
5 2 994 
5 3 976 
5 1 962 
5 2 -6 
5 3 -5 
5 1 983 
5 2 -6 
5 3 -33 
5 1 974 
5 2 983 
5 3 -6 
10 1 868 
10 2 948 
10 3 -5 
10 1 922 
10 2 947 
10 3 802 
10 1 830 
10 2 894 
10 3 847 
15 1 940 
15 2 824 
15 3 942 
15 1 705 
15 2 746 
15 3 833 
15 1 580 
15 2 784 
15 3 -35 
20 1 528 
20 2 284 
20 3 -101 
20 1 157 
20 2 905 
20 3 293 
20 1 719 
20 2 422 
20 3 358 
25 1 738 
25 2 533 
25 3 919 
25 1 541 
25 2 988 
25 3 718 
25 1 563 
25 2 708 
25 3 142 
5 1 997 
5 2 -18 
5 3 979 
5 1 956 
5 2 -18 
5 3 983 
5 1 996 
5 2 -79 
5 3 985 
10 2 867 
10 4 927 
10 6 773 
10 2 829 
10 4 -32 
10 6 -15 
10 2 860 
10 4 892 
10 6 -188 
15 3 682 
15 6 961 
15 9 -36 
15 3 636 
15 6 438 
15 9 -13 
15 3 623 
15 6 411 
15 9 673 
20 4 403 
20 8 550 
20 12 995 
20 4 771 
20 8 724 
20 12 -32 
20 4 697 
20 8 343 
20 12 628 
25 5 -1340 
25 10 115 
25 15 -2528 
25 5 -179 
25 10 797 
25 15 -367 
25 5 -126 
