5 1 -4017 
5 2 981 
5 3 -2014 
5 1 990 
5 2 -3498 
5 3 992 
5 1 -2024 
5 2 989 
5 1 970 
5 2 -3 
5 3 -2 
5 1 893 
5 2 -3 
5 3 -2019 
5 1 888 
5 2 983 
5 3 -3 
10 1 886 
10 2 848 
10 3 -2 
10 1 581 
10 2 921 
10 3 730 
10 1 912 
10 2 816 
10 3 899 
15 1 224 
15 2 789 
15 3 -56 
15 1 642 
15 2 196 
15 3 411 
15 1 988 
15 2 510 
15 3 -2017 
20 1 151 
20 2 -506 
20 3 -8989 
20 1 996 
20 2 -56 
20 3 936 
20 1 912 
20 2 297 
20 3 987 
25 1 699 
25 2 679 
25 3 535 
25 1 305 
25 2 715 
25 3 -320 
25 1 -391 
25 2 68 
25 3 788 
5 1 946 
5 2 -2015 
5 3 970 
5 1 952 
5 2 -15 
5 3 985 
5 1 933 
5 2 -641 
5 3 987 
10 2 683 
10 4 439 
10 6 -1782 
10 2 769 
10 4 -1515 
10 6 -12 
10 2 -1625 
10 4 978 
10 6 -1449 
15 3 817 
15 6 -913 
15 9 -4033 
15 3 -1285 
15 6 685 
15 9 -10 
15 3 919 
15 6 101 
15 9 436 
20 4 406 
20 8 -498 
20 12 989 
20 4 -590 
20 8 359 
20 12 -2022 
20 4 7 
20 8 -2770 
20 12 566 
25 5 -4191 
25 10 -4262 
25 15 -6049 
25 5 751 
25 10 -11 
25 15 -2271 
25 5 279 
